/*--------------------------------*- C++ -*----------------------------------*\
| =========                 |                                                 |
| \\      /  F ield         | OpenFOAM: The Open Source CFD Toolbox           |
|  \\    /   O peration     | Version:  5.x                                   |
|   \\  /    A nd           | Web:      www.OpenFOAM.org                      |
|    \\/     M anipulation  |                                                 |
\*---------------------------------------------------------------------------*/
/*   Windows 32 and 64 bit porting by blueCAPE: http://www.bluecape.com.pt   *\
|  Based on Windows porting (2.0.x v4) by Symscape: http://www.symscape.com   |
\*---------------------------------------------------------------------------*/
FoamFile
{
    version     2.0;
    format      ascii;
    class       labelList;
    note        "nPoints: 6231 nCells: 5100 nFaces: 16370 nInternalFaces: 14230";
    location    "constant/polyMesh";
    object      neighbour;
}
// * * * * * * * * * * * * * * * * * * * * * * * * * * * * * * * * * * * * * //


14230
(
1
30
180
2
31
181
3
32
182
4
33
183
5
34
184
6
35
185
7
36
186
8
37
187
9
38
188
10
39
189
11
40
190
12
41
191
13
42
192
14
43
193
15
44
194
16
45
195
17
46
196
18
47
197
19
48
198
20
49
199
21
50
200
22
51
201
23
52
202
24
53
203
25
54
204
26
55
205
27
56
206
28
57
207
29
58
208
59
209
31
60
210
32
61
211
33
62
212
34
63
213
35
64
214
36
65
215
37
66
216
38
67
217
39
68
218
40
69
219
41
70
220
42
71
221
43
72
222
44
73
223
45
74
224
46
75
225
47
76
226
48
77
227
49
78
228
50
79
229
51
80
230
52
81
231
53
82
232
54
83
233
55
84
234
56
85
235
57
86
236
58
87
237
59
88
238
89
239
61
90
240
62
91
241
63
92
242
64
93
243
65
94
244
66
95
245
67
96
246
68
97
247
69
98
248
70
99
249
71
100
250
72
101
251
73
102
252
74
103
253
75
104
254
76
105
255
77
106
256
78
107
257
79
108
258
80
109
259
81
110
260
82
111
261
83
112
262
84
113
263
85
114
264
86
115
265
87
116
266
88
117
267
89
118
268
119
269
91
120
270
92
121
271
93
122
272
94
123
273
95
124
274
96
125
275
97
126
276
98
127
277
99
128
278
100
129
279
101
130
280
102
131
281
103
132
282
104
133
283
105
134
284
106
135
285
107
136
286
108
137
287
109
138
288
110
139
289
111
140
290
112
141
291
113
142
292
114
143
293
115
144
294
116
145
295
117
146
296
118
147
297
119
148
298
149
299
121
150
300
122
151
301
123
152
302
124
153
303
125
154
304
126
155
305
127
156
306
128
157
307
129
158
308
130
159
309
131
160
310
132
161
311
133
162
312
134
163
313
135
164
314
136
165
315
137
166
316
138
167
317
139
168
318
140
169
319
141
170
320
142
171
321
143
172
322
144
173
323
145
174
324
146
175
325
147
176
326
148
177
327
149
178
328
179
329
151
330
900
152
331
901
153
332
902
154
333
903
155
334
904
156
335
905
157
336
906
158
337
907
159
338
908
160
339
909
161
340
910
162
341
911
163
342
912
164
343
913
165
344
914
166
345
915
167
346
916
168
347
917
169
348
918
170
349
919
171
350
920
172
351
921
173
352
922
174
353
923
175
354
924
176
355
925
177
356
926
178
357
927
179
358
928
359
929
181
210
360
182
211
361
183
212
362
184
213
363
185
214
364
186
215
365
187
216
366
188
217
367
189
218
368
190
219
369
191
220
370
192
221
371
193
222
372
194
223
373
195
224
374
196
225
375
197
226
376
198
227
377
199
228
378
200
229
379
201
230
380
202
231
381
203
232
382
204
233
383
205
234
384
206
235
385
207
236
386
208
237
387
209
238
388
239
389
211
240
390
212
241
391
213
242
392
214
243
393
215
244
394
216
245
395
217
246
396
218
247
397
219
248
398
220
249
399
221
250
400
222
251
401
223
252
402
224
253
403
225
254
404
226
255
405
227
256
406
228
257
407
229
258
408
230
259
409
231
260
410
232
261
411
233
262
412
234
263
413
235
264
414
236
265
415
237
266
416
238
267
417
239
268
418
269
419
241
270
420
242
271
421
243
272
422
244
273
423
245
274
424
246
275
425
247
276
426
248
277
427
249
278
428
250
279
429
251
280
430
252
281
431
253
282
432
254
283
433
255
284
434
256
285
435
257
286
436
258
287
437
259
288
438
260
289
439
261
290
440
262
291
441
263
292
442
264
293
443
265
294
444
266
295
445
267
296
446
268
297
447
269
298
448
299
449
271
300
450
272
301
451
273
302
452
274
303
453
275
304
454
276
305
455
277
306
456
278
307
457
279
308
458
280
309
459
281
310
460
282
311
461
283
312
462
284
313
463
285
314
464
286
315
465
287
316
466
288
317
467
289
318
468
290
319
469
291
320
470
292
321
471
293
322
472
294
323
473
295
324
474
296
325
475
297
326
476
298
327
477
299
328
478
329
479
301
330
480
302
331
481
303
332
482
304
333
483
305
334
484
306
335
485
307
336
486
308
337
487
309
338
488
310
339
489
311
340
490
312
341
491
313
342
492
314
343
493
315
344
494
316
345
495
317
346
496
318
347
497
319
348
498
320
349
499
321
350
500
322
351
501
323
352
502
324
353
503
325
354
504
326
355
505
327
356
506
328
357
507
329
358
508
359
509
331
510
1320
332
511
1321
333
512
1322
334
513
1323
335
514
1324
336
515
1325
337
516
1326
338
517
1327
339
518
1328
340
519
1329
341
520
1330
342
521
1331
343
522
1332
344
523
1333
345
524
1334
346
525
1335
347
526
1336
348
527
1337
349
528
1338
350
529
1339
351
530
1340
352
531
1341
353
532
1342
354
533
1343
355
534
1344
356
535
1345
357
536
1346
358
537
1347
359
538
1348
539
1349
361
390
540
362
391
541
363
392
542
364
393
543
365
394
544
366
395
545
367
396
546
368
397
547
369
398
548
370
399
549
371
400
550
372
401
551
373
402
552
374
403
553
375
404
554
376
405
555
377
406
556
378
407
557
379
408
558
380
409
559
381
410
560
382
411
561
383
412
562
384
413
563
385
414
564
386
415
565
387
416
566
388
417
567
389
418
568
419
569
391
420
570
392
421
571
393
422
572
394
423
573
395
424
574
396
425
575
397
426
576
398
427
577
399
428
578
400
429
579
401
430
580
402
431
581
403
432
582
404
433
583
405
434
584
406
435
585
407
436
586
408
437
587
409
438
588
410
439
589
411
440
590
412
441
591
413
442
592
414
443
593
415
444
594
416
445
595
417
446
596
418
447
597
419
448
598
449
599
421
450
600
422
451
601
423
452
602
424
453
603
425
454
604
426
455
605
427
456
606
428
457
607
429
458
608
430
459
609
431
460
610
432
461
611
433
462
612
434
463
613
435
464
614
436
465
615
437
466
616
438
467
617
439
468
618
440
469
619
441
470
620
442
471
621
443
472
622
444
473
623
445
474
624
446
475
625
447
476
626
448
477
627
449
478
628
479
629
451
480
630
452
481
631
453
482
632
454
483
633
455
484
634
456
485
635
457
486
636
458
487
637
459
488
638
460
489
639
461
490
640
462
491
641
463
492
642
464
493
643
465
494
644
466
495
645
467
496
646
468
497
647
469
498
648
470
499
649
471
500
650
472
501
651
473
502
652
474
503
653
475
504
654
476
505
655
477
506
656
478
507
657
479
508
658
509
659
481
510
660
482
511
661
483
512
662
484
513
663
485
514
664
486
515
665
487
516
666
488
517
667
489
518
668
490
519
669
491
520
670
492
521
671
493
522
672
494
523
673
495
524
674
496
525
675
497
526
676
498
527
677
499
528
678
500
529
679
501
530
680
502
531
681
503
532
682
504
533
683
505
534
684
506
535
685
507
536
686
508
537
687
509
538
688
539
689
511
690
1740
512
691
1741
513
692
1742
514
693
1743
515
694
1744
516
695
1745
517
696
1746
518
697
1747
519
698
1748
520
699
1749
521
700
1750
522
701
1751
523
702
1752
524
703
1753
525
704
1754
526
705
1755
527
706
1756
528
707
1757
529
708
1758
530
709
1759
531
710
1760
532
711
1761
533
712
1762
534
713
1763
535
714
1764
536
715
1765
537
716
1766
538
717
1767
539
718
1768
719
1769
541
570
720
542
571
721
543
572
722
544
573
723
545
574
724
546
575
725
547
576
726
548
577
727
549
578
728
550
579
729
551
580
730
552
581
731
553
582
732
554
583
733
555
584
734
556
585
735
557
586
736
558
587
737
559
588
738
560
589
739
561
590
740
562
591
741
563
592
742
564
593
743
565
594
744
566
595
745
567
596
746
568
597
747
569
598
748
599
749
571
600
750
572
601
751
573
602
752
574
603
753
575
604
754
576
605
755
577
606
756
578
607
757
579
608
758
580
609
759
581
610
760
582
611
761
583
612
762
584
613
763
585
614
764
586
615
765
587
616
766
588
617
767
589
618
768
590
619
769
591
620
770
592
621
771
593
622
772
594
623
773
595
624
774
596
625
775
597
626
776
598
627
777
599
628
778
629
779
601
630
780
602
631
781
603
632
782
604
633
783
605
634
784
606
635
785
607
636
786
608
637
787
609
638
788
610
639
789
611
640
790
612
641
791
613
642
792
614
643
793
615
644
794
616
645
795
617
646
796
618
647
797
619
648
798
620
649
799
621
650
800
622
651
801
623
652
802
624
653
803
625
654
804
626
655
805
627
656
806
628
657
807
629
658
808
659
809
631
660
810
632
661
811
633
662
812
634
663
813
635
664
814
636
665
815
637
666
816
638
667
817
639
668
818
640
669
819
641
670
820
642
671
821
643
672
822
644
673
823
645
674
824
646
675
825
647
676
826
648
677
827
649
678
828
650
679
829
651
680
830
652
681
831
653
682
832
654
683
833
655
684
834
656
685
835
657
686
836
658
687
837
659
688
838
689
839
661
690
840
662
691
841
663
692
842
664
693
843
665
694
844
666
695
845
667
696
846
668
697
847
669
698
848
670
699
849
671
700
850
672
701
851
673
702
852
674
703
853
675
704
854
676
705
855
677
706
856
678
707
857
679
708
858
680
709
859
681
710
860
682
711
861
683
712
862
684
713
863
685
714
864
686
715
865
687
716
866
688
717
867
689
718
868
719
869
691
870
2160
692
871
2161
693
872
2162
694
873
2163
695
874
2164
696
875
2165
697
876
2166
698
877
2167
699
878
2168
700
879
2169
701
880
2170
702
881
2171
703
882
2172
704
883
2173
705
884
2174
706
885
2175
707
886
2176
708
887
2177
709
888
2178
710
889
2179
711
890
2180
712
891
2181
713
892
2182
714
893
2183
715
894
2184
716
895
2185
717
896
2186
718
897
2187
719
898
2188
899
2189
721
750
722
751
723
752
724
753
725
754
726
755
727
756
728
757
729
758
730
759
731
760
732
761
733
762
734
763
735
764
736
765
737
766
738
767
739
768
740
769
741
770
742
771
743
772
744
773
745
774
746
775
747
776
748
777
749
778
779
751
780
752
781
753
782
754
783
755
784
756
785
757
786
758
787
759
788
760
789
761
790
762
791
763
792
764
793
765
794
766
795
767
796
768
797
769
798
770
799
771
800
772
801
773
802
774
803
775
804
776
805
777
806
778
807
779
808
809
781
810
782
811
783
812
784
813
785
814
786
815
787
816
788
817
789
818
790
819
791
820
792
821
793
822
794
823
795
824
796
825
797
826
798
827
799
828
800
829
801
830
802
831
803
832
804
833
805
834
806
835
807
836
808
837
809
838
839
811
840
812
841
813
842
814
843
815
844
816
845
817
846
818
847
819
848
820
849
821
850
822
851
823
852
824
853
825
854
826
855
827
856
828
857
829
858
830
859
831
860
832
861
833
862
834
863
835
864
836
865
837
866
838
867
839
868
869
841
870
842
871
843
872
844
873
845
874
846
875
847
876
848
877
849
878
850
879
851
880
852
881
853
882
854
883
855
884
856
885
857
886
858
887
859
888
860
889
861
890
862
891
863
892
864
893
865
894
866
895
867
896
868
897
869
898
899
871
2580
872
2581
873
2582
874
2583
875
2584
876
2585
877
2586
878
2587
879
2588
880
2589
881
2590
882
2591
883
2592
884
2593
885
2594
886
2595
887
2596
888
2597
889
2598
890
2599
891
2600
892
2601
893
2602
894
2603
895
2604
896
2605
897
2606
898
2607
899
2608
2609
901
930
1320
902
931
1321
903
932
1322
904
933
1323
905
934
1324
906
935
1325
907
936
1326
908
937
1327
909
938
1328
910
939
1329
911
940
1330
912
941
1331
913
942
1332
914
943
1333
915
944
1334
916
945
1335
917
946
1336
918
947
1337
919
948
1338
920
949
1339
921
950
1340
922
951
1341
923
952
1342
924
953
1343
925
954
1344
926
955
1345
927
956
1346
928
957
1347
929
958
1348
959
1349
931
960
1350
932
961
1351
933
962
1352
934
963
1353
935
964
1354
936
965
1355
937
966
1356
938
967
1357
939
968
1358
940
969
1359
941
970
1360
942
971
1361
943
972
1362
944
973
1363
945
974
1364
946
975
1365
947
976
1366
948
977
1367
949
978
1368
950
979
1369
951
980
1370
952
981
1371
953
982
1372
954
983
1373
955
984
1374
956
985
1375
957
986
1376
958
987
1377
959
988
1378
989
1379
961
990
1380
962
991
1381
963
992
1382
964
993
1383
965
994
1384
966
995
1385
967
996
1386
968
997
1387
969
998
1388
970
999
1389
971
1000
1390
972
1001
1391
973
1002
1392
974
1003
1393
975
1004
1394
976
1005
1395
977
1006
1396
978
1007
1397
979
1008
1398
980
1009
1399
981
1010
1400
982
1011
1401
983
1012
1402
984
1013
1403
985
1014
1404
986
1015
1405
987
1016
1406
988
1017
1407
989
1018
1408
1019
1409
991
1020
1410
992
1021
1411
993
1022
1412
994
1023
1413
995
1024
1414
996
1025
1415
997
1026
1416
998
1027
1417
999
1028
1418
1000
1029
1419
1001
1030
1420
1002
1031
1421
1003
1032
1422
1004
1033
1423
1005
1034
1424
1006
1035
1425
1007
1036
1426
1008
1037
1427
1009
1038
1428
1010
1039
1429
1011
1040
1430
1012
1041
1431
1013
1042
1432
1014
1043
1433
1015
1044
1434
1016
1045
1435
1017
1046
1436
1018
1047
1437
1019
1048
1438
1049
1439
1021
1050
1440
1022
1051
1441
1023
1052
1442
1024
1053
1443
1025
1054
1444
1026
1055
1445
1027
1056
1446
1028
1057
1447
1029
1058
1448
1030
1059
1449
1031
1060
1450
1032
1061
1451
1033
1062
1452
1034
1063
1453
1035
1064
1454
1036
1065
1455
1037
1066
1456
1038
1067
1457
1039
1068
1458
1040
1069
1459
1041
1070
1460
1042
1071
1461
1043
1072
1462
1044
1073
1463
1045
1074
1464
1046
1075
1465
1047
1076
1466
1048
1077
1467
1049
1078
1468
1079
1469
1051
1080
1470
1052
1081
1471
1053
1082
1472
1054
1083
1473
1055
1084
1474
1056
1085
1475
1057
1086
1476
1058
1087
1477
1059
1088
1478
1060
1089
1479
1061
1090
1480
1062
1091
1481
1063
1092
1482
1064
1093
1483
1065
1094
1484
1066
1095
1485
1067
1096
1486
1068
1097
1487
1069
1098
1488
1070
1099
1489
1071
1100
1490
1072
1101
1491
1073
1102
1492
1074
1103
1493
1075
1104
1494
1076
1105
1495
1077
1106
1496
1078
1107
1497
1079
1108
1498
1109
1499
1081
1110
1500
1082
1111
1501
1083
1112
1502
1084
1113
1503
1085
1114
1504
1086
1115
1505
1087
1116
1506
1088
1117
1507
1089
1118
1508
1090
1119
1509
1091
1120
1510
1092
1121
1511
1093
1122
1512
1094
1123
1513
1095
1124
1514
1096
1125
1515
1097
1126
1516
1098
1127
1517
1099
1128
1518
1100
1129
1519
1101
1130
1520
1102
1131
1521
1103
1132
1522
1104
1133
1523
1105
1134
1524
1106
1135
1525
1107
1136
1526
1108
1137
1527
1109
1138
1528
1139
1529
1111
1140
1530
1112
1141
1531
1113
1142
1532
1114
1143
1533
1115
1144
1534
1116
1145
1535
1117
1146
1536
1118
1147
1537
1119
1148
1538
1120
1149
1539
1121
1150
1540
1122
1151
1541
1123
1152
1542
1124
1153
1543
1125
1154
1544
1126
1155
1545
1127
1156
1546
1128
1157
1547
1129
1158
1548
1130
1159
1549
1131
1160
1550
1132
1161
1551
1133
1162
1552
1134
1163
1553
1135
1164
1554
1136
1165
1555
1137
1166
1556
1138
1167
1557
1139
1168
1558
1169
1559
1141
1170
1560
1142
1171
1561
1143
1172
1562
1144
1173
1563
1145
1174
1564
1146
1175
1565
1147
1176
1566
1148
1177
1567
1149
1178
1568
1150
1179
1569
1151
1180
1570
1152
1181
1571
1153
1182
1572
1154
1183
1573
1155
1184
1574
1156
1185
1575
1157
1186
1576
1158
1187
1577
1159
1188
1578
1160
1189
1579
1161
1190
1580
1162
1191
1581
1163
1192
1582
1164
1193
1583
1165
1194
1584
1166
1195
1585
1167
1196
1586
1168
1197
1587
1169
1198
1588
1199
1589
1171
1200
1590
1172
1201
1591
1173
1202
1592
1174
1203
1593
1175
1204
1594
1176
1205
1595
1177
1206
1596
1178
1207
1597
1179
1208
1598
1180
1209
1599
1181
1210
1600
1182
1211
1601
1183
1212
1602
1184
1213
1603
1185
1214
1604
1186
1215
1605
1187
1216
1606
1188
1217
1607
1189
1218
1608
1190
1219
1609
1191
1220
1610
1192
1221
1611
1193
1222
1612
1194
1223
1613
1195
1224
1614
1196
1225
1615
1197
1226
1616
1198
1227
1617
1199
1228
1618
1229
1619
1201
1230
1620
1202
1231
1621
1203
1232
1622
1204
1233
1623
1205
1234
1624
1206
1235
1625
1207
1236
1626
1208
1237
1627
1209
1238
1628
1210
1239
1629
1211
1240
1630
1212
1241
1631
1213
1242
1632
1214
1243
1633
1215
1244
1634
1216
1245
1635
1217
1246
1636
1218
1247
1637
1219
1248
1638
1220
1249
1639
1221
1250
1640
1222
1251
1641
1223
1252
1642
1224
1253
1643
1225
1254
1644
1226
1255
1645
1227
1256
1646
1228
1257
1647
1229
1258
1648
1259
1649
1231
1260
1650
1232
1261
1651
1233
1262
1652
1234
1263
1653
1235
1264
1654
1236
1265
1655
1237
1266
1656
1238
1267
1657
1239
1268
1658
1240
1269
1659
1241
1270
1660
1242
1271
1661
1243
1272
1662
1244
1273
1663
1245
1274
1664
1246
1275
1665
1247
1276
1666
1248
1277
1667
1249
1278
1668
1250
1279
1669
1251
1280
1670
1252
1281
1671
1253
1282
1672
1254
1283
1673
1255
1284
1674
1256
1285
1675
1257
1286
1676
1258
1287
1677
1259
1288
1678
1289
1679
1261
1290
1680
1262
1291
1681
1263
1292
1682
1264
1293
1683
1265
1294
1684
1266
1295
1685
1267
1296
1686
1268
1297
1687
1269
1298
1688
1270
1299
1689
1271
1300
1690
1272
1301
1691
1273
1302
1692
1274
1303
1693
1275
1304
1694
1276
1305
1695
1277
1306
1696
1278
1307
1697
1279
1308
1698
1280
1309
1699
1281
1310
1700
1282
1311
1701
1283
1312
1702
1284
1313
1703
1285
1314
1704
1286
1315
1705
1287
1316
1706
1288
1317
1707
1289
1318
1708
1319
1709
1291
1710
1292
1711
1293
1712
1294
1713
1295
1714
1296
1715
1297
1716
1298
1717
1299
1718
1300
1719
1301
1720
1302
1721
1303
1722
1304
1723
1305
1724
1306
1725
1307
1726
1308
1727
1309
1728
1310
1729
1311
1730
1312
1731
1313
1732
1314
1733
1315
1734
1316
1735
1317
1736
1318
1737
1319
1738
1739
1321
1350
1740
1322
1351
1741
1323
1352
1742
1324
1353
1743
1325
1354
1744
1326
1355
1745
1327
1356
1746
1328
1357
1747
1329
1358
1748
1330
1359
1749
1331
1360
1750
1332
1361
1751
1333
1362
1752
1334
1363
1753
1335
1364
1754
1336
1365
1755
1337
1366
1756
1338
1367
1757
1339
1368
1758
1340
1369
1759
1341
1370
1760
1342
1371
1761
1343
1372
1762
1344
1373
1763
1345
1374
1764
1346
1375
1765
1347
1376
1766
1348
1377
1767
1349
1378
1768
1379
1769
1351
1380
1770
1352
1381
1771
1353
1382
1772
1354
1383
1773
1355
1384
1774
1356
1385
1775
1357
1386
1776
1358
1387
1777
1359
1388
1778
1360
1389
1779
1361
1390
1780
1362
1391
1781
1363
1392
1782
1364
1393
1783
1365
1394
1784
1366
1395
1785
1367
1396
1786
1368
1397
1787
1369
1398
1788
1370
1399
1789
1371
1400
1790
1372
1401
1791
1373
1402
1792
1374
1403
1793
1375
1404
1794
1376
1405
1795
1377
1406
1796
1378
1407
1797
1379
1408
1798
1409
1799
1381
1410
1800
1382
1411
1801
1383
1412
1802
1384
1413
1803
1385
1414
1804
1386
1415
1805
1387
1416
1806
1388
1417
1807
1389
1418
1808
1390
1419
1809
1391
1420
1810
1392
1421
1811
1393
1422
1812
1394
1423
1813
1395
1424
1814
1396
1425
1815
1397
1426
1816
1398
1427
1817
1399
1428
1818
1400
1429
1819
1401
1430
1820
1402
1431
1821
1403
1432
1822
1404
1433
1823
1405
1434
1824
1406
1435
1825
1407
1436
1826
1408
1437
1827
1409
1438
1828
1439
1829
1411
1440
1830
1412
1441
1831
1413
1442
1832
1414
1443
1833
1415
1444
1834
1416
1445
1835
1417
1446
1836
1418
1447
1837
1419
1448
1838
1420
1449
1839
1421
1450
1840
1422
1451
1841
1423
1452
1842
1424
1453
1843
1425
1454
1844
1426
1455
1845
1427
1456
1846
1428
1457
1847
1429
1458
1848
1430
1459
1849
1431
1460
1850
1432
1461
1851
1433
1462
1852
1434
1463
1853
1435
1464
1854
1436
1465
1855
1437
1466
1856
1438
1467
1857
1439
1468
1858
1469
1859
1441
1470
1860
1442
1471
1861
1443
1472
1862
1444
1473
1863
1445
1474
1864
1446
1475
1865
1447
1476
1866
1448
1477
1867
1449
1478
1868
1450
1479
1869
1451
1480
1870
1452
1481
1871
1453
1482
1872
1454
1483
1873
1455
1484
1874
1456
1485
1875
1457
1486
1876
1458
1487
1877
1459
1488
1878
1460
1489
1879
1461
1490
1880
1462
1491
1881
1463
1492
1882
1464
1493
1883
1465
1494
1884
1466
1495
1885
1467
1496
1886
1468
1497
1887
1469
1498
1888
1499
1889
1471
1500
1890
1472
1501
1891
1473
1502
1892
1474
1503
1893
1475
1504
1894
1476
1505
1895
1477
1506
1896
1478
1507
1897
1479
1508
1898
1480
1509
1899
1481
1510
1900
1482
1511
1901
1483
1512
1902
1484
1513
1903
1485
1514
1904
1486
1515
1905
1487
1516
1906
1488
1517
1907
1489
1518
1908
1490
1519
1909
1491
1520
1910
1492
1521
1911
1493
1522
1912
1494
1523
1913
1495
1524
1914
1496
1525
1915
1497
1526
1916
1498
1527
1917
1499
1528
1918
1529
1919
1501
1530
1920
1502
1531
1921
1503
1532
1922
1504
1533
1923
1505
1534
1924
1506
1535
1925
1507
1536
1926
1508
1537
1927
1509
1538
1928
1510
1539
1929
1511
1540
1930
1512
1541
1931
1513
1542
1932
1514
1543
1933
1515
1544
1934
1516
1545
1935
1517
1546
1936
1518
1547
1937
1519
1548
1938
1520
1549
1939
1521
1550
1940
1522
1551
1941
1523
1552
1942
1524
1553
1943
1525
1554
1944
1526
1555
1945
1527
1556
1946
1528
1557
1947
1529
1558
1948
1559
1949
1531
1560
1950
1532
1561
1951
1533
1562
1952
1534
1563
1953
1535
1564
1954
1536
1565
1955
1537
1566
1956
1538
1567
1957
1539
1568
1958
1540
1569
1959
1541
1570
1960
1542
1571
1961
1543
1572
1962
1544
1573
1963
1545
1574
1964
1546
1575
1965
1547
1576
1966
1548
1577
1967
1549
1578
1968
1550
1579
1969
1551
1580
1970
1552
1581
1971
1553
1582
1972
1554
1583
1973
1555
1584
1974
1556
1585
1975
1557
1586
1976
1558
1587
1977
1559
1588
1978
1589
1979
1561
1590
1980
1562
1591
1981
1563
1592
1982
1564
1593
1983
1565
1594
1984
1566
1595
1985
1567
1596
1986
1568
1597
1987
1569
1598
1988
1570
1599
1989
1571
1600
1990
1572
1601
1991
1573
1602
1992
1574
1603
1993
1575
1604
1994
1576
1605
1995
1577
1606
1996
1578
1607
1997
1579
1608
1998
1580
1609
1999
1581
1610
2000
1582
1611
2001
1583
1612
2002
1584
1613
2003
1585
1614
2004
1586
1615
2005
1587
1616
2006
1588
1617
2007
1589
1618
2008
1619
2009
1591
1620
2010
1592
1621
2011
1593
1622
2012
1594
1623
2013
1595
1624
2014
1596
1625
2015
1597
1626
2016
1598
1627
2017
1599
1628
2018
1600
1629
2019
1601
1630
2020
1602
1631
2021
1603
1632
2022
1604
1633
2023
1605
1634
2024
1606
1635
2025
1607
1636
2026
1608
1637
2027
1609
1638
2028
1610
1639
2029
1611
1640
2030
1612
1641
2031
1613
1642
2032
1614
1643
2033
1615
1644
2034
1616
1645
2035
1617
1646
2036
1618
1647
2037
1619
1648
2038
1649
2039
1621
1650
2040
1622
1651
2041
1623
1652
2042
1624
1653
2043
1625
1654
2044
1626
1655
2045
1627
1656
2046
1628
1657
2047
1629
1658
2048
1630
1659
2049
1631
1660
2050
1632
1661
2051
1633
1662
2052
1634
1663
2053
1635
1664
2054
1636
1665
2055
1637
1666
2056
1638
1667
2057
1639
1668
2058
1640
1669
2059
1641
1670
2060
1642
1671
2061
1643
1672
2062
1644
1673
2063
1645
1674
2064
1646
1675
2065
1647
1676
2066
1648
1677
2067
1649
1678
2068
1679
2069
1651
1680
2070
1652
1681
2071
1653
1682
2072
1654
1683
2073
1655
1684
2074
1656
1685
2075
1657
1686
2076
1658
1687
2077
1659
1688
2078
1660
1689
2079
1661
1690
2080
1662
1691
2081
1663
1692
2082
1664
1693
2083
1665
1694
2084
1666
1695
2085
1667
1696
2086
1668
1697
2087
1669
1698
2088
1670
1699
2089
1671
1700
2090
1672
1701
2091
1673
1702
2092
1674
1703
2093
1675
1704
2094
1676
1705
2095
1677
1706
2096
1678
1707
2097
1679
1708
2098
1709
2099
1681
1710
2100
1682
1711
2101
1683
1712
2102
1684
1713
2103
1685
1714
2104
1686
1715
2105
1687
1716
2106
1688
1717
2107
1689
1718
2108
1690
1719
2109
1691
1720
2110
1692
1721
2111
1693
1722
2112
1694
1723
2113
1695
1724
2114
1696
1725
2115
1697
1726
2116
1698
1727
2117
1699
1728
2118
1700
1729
2119
1701
1730
2120
1702
1731
2121
1703
1732
2122
1704
1733
2123
1705
1734
2124
1706
1735
2125
1707
1736
2126
1708
1737
2127
1709
1738
2128
1739
2129
1711
2130
1712
2131
1713
2132
1714
2133
1715
2134
1716
2135
1717
2136
1718
2137
1719
2138
1720
2139
1721
2140
1722
2141
1723
2142
1724
2143
1725
2144
1726
2145
1727
2146
1728
2147
1729
2148
1730
2149
1731
2150
1732
2151
1733
2152
1734
2153
1735
2154
1736
2155
1737
2156
1738
2157
1739
2158
2159
1741
1770
2160
1742
1771
2161
1743
1772
2162
1744
1773
2163
1745
1774
2164
1746
1775
2165
1747
1776
2166
1748
1777
2167
1749
1778
2168
1750
1779
2169
1751
1780
2170
1752
1781
2171
1753
1782
2172
1754
1783
2173
1755
1784
2174
1756
1785
2175
1757
1786
2176
1758
1787
2177
1759
1788
2178
1760
1789
2179
1761
1790
2180
1762
1791
2181
1763
1792
2182
1764
1793
2183
1765
1794
2184
1766
1795
2185
1767
1796
2186
1768
1797
2187
1769
1798
2188
1799
2189
1771
1800
2190
1772
1801
2191
1773
1802
2192
1774
1803
2193
1775
1804
2194
1776
1805
2195
1777
1806
2196
1778
1807
2197
1779
1808
2198
1780
1809
2199
1781
1810
2200
1782
1811
2201
1783
1812
2202
1784
1813
2203
1785
1814
2204
1786
1815
2205
1787
1816
2206
1788
1817
2207
1789
1818
2208
1790
1819
2209
1791
1820
2210
1792
1821
2211
1793
1822
2212
1794
1823
2213
1795
1824
2214
1796
1825
2215
1797
1826
2216
1798
1827
2217
1799
1828
2218
1829
2219
1801
1830
2220
1802
1831
2221
1803
1832
2222
1804
1833
2223
1805
1834
2224
1806
1835
2225
1807
1836
2226
1808
1837
2227
1809
1838
2228
1810
1839
2229
1811
1840
2230
1812
1841
2231
1813
1842
2232
1814
1843
2233
1815
1844
2234
1816
1845
2235
1817
1846
2236
1818
1847
2237
1819
1848
2238
1820
1849
2239
1821
1850
2240
1822
1851
2241
1823
1852
2242
1824
1853
2243
1825
1854
2244
1826
1855
2245
1827
1856
2246
1828
1857
2247
1829
1858
2248
1859
2249
1831
1860
2250
1832
1861
2251
1833
1862
2252
1834
1863
2253
1835
1864
2254
1836
1865
2255
1837
1866
2256
1838
1867
2257
1839
1868
2258
1840
1869
2259
1841
1870
2260
1842
1871
2261
1843
1872
2262
1844
1873
2263
1845
1874
2264
1846
1875
2265
1847
1876
2266
1848
1877
2267
1849
1878
2268
1850
1879
2269
1851
1880
2270
1852
1881
2271
1853
1882
2272
1854
1883
2273
1855
1884
2274
1856
1885
2275
1857
1886
2276
1858
1887
2277
1859
1888
2278
1889
2279
1861
1890
2280
1862
1891
2281
1863
1892
2282
1864
1893
2283
1865
1894
2284
1866
1895
2285
1867
1896
2286
1868
1897
2287
1869
1898
2288
1870
1899
2289
1871
1900
2290
1872
1901
2291
1873
1902
2292
1874
1903
2293
1875
1904
2294
1876
1905
2295
1877
1906
2296
1878
1907
2297
1879
1908
2298
1880
1909
2299
1881
1910
2300
1882
1911
2301
1883
1912
2302
1884
1913
2303
1885
1914
2304
1886
1915
2305
1887
1916
2306
1888
1917
2307
1889
1918
2308
1919
2309
1891
1920
2310
1892
1921
2311
1893
1922
2312
1894
1923
2313
1895
1924
2314
1896
1925
2315
1897
1926
2316
1898
1927
2317
1899
1928
2318
1900
1929
2319
1901
1930
2320
1902
1931
2321
1903
1932
2322
1904
1933
2323
1905
1934
2324
1906
1935
2325
1907
1936
2326
1908
1937
2327
1909
1938
2328
1910
1939
2329
1911
1940
2330
1912
1941
2331
1913
1942
2332
1914
1943
2333
1915
1944
2334
1916
1945
2335
1917
1946
2336
1918
1947
2337
1919
1948
2338
1949
2339
1921
1950
2340
1922
1951
2341
1923
1952
2342
1924
1953
2343
1925
1954
2344
1926
1955
2345
1927
1956
2346
1928
1957
2347
1929
1958
2348
1930
1959
2349
1931
1960
2350
1932
1961
2351
1933
1962
2352
1934
1963
2353
1935
1964
2354
1936
1965
2355
1937
1966
2356
1938
1967
2357
1939
1968
2358
1940
1969
2359
1941
1970
2360
1942
1971
2361
1943
1972
2362
1944
1973
2363
1945
1974
2364
1946
1975
2365
1947
1976
2366
1948
1977
2367
1949
1978
2368
1979
2369
1951
1980
2370
1952
1981
2371
1953
1982
2372
1954
1983
2373
1955
1984
2374
1956
1985
2375
1957
1986
2376
1958
1987
2377
1959
1988
2378
1960
1989
2379
1961
1990
2380
1962
1991
2381
1963
1992
2382
1964
1993
2383
1965
1994
2384
1966
1995
2385
1967
1996
2386
1968
1997
2387
1969
1998
2388
1970
1999
2389
1971
2000
2390
1972
2001
2391
1973
2002
2392
1974
2003
2393
1975
2004
2394
1976
2005
2395
1977
2006
2396
1978
2007
2397
1979
2008
2398
2009
2399
1981
2010
2400
1982
2011
2401
1983
2012
2402
1984
2013
2403
1985
2014
2404
1986
2015
2405
1987
2016
2406
1988
2017
2407
1989
2018
2408
1990
2019
2409
1991
2020
2410
1992
2021
2411
1993
2022
2412
1994
2023
2413
1995
2024
2414
1996
2025
2415
1997
2026
2416
1998
2027
2417
1999
2028
2418
2000
2029
2419
2001
2030
2420
2002
2031
2421
2003
2032
2422
2004
2033
2423
2005
2034
2424
2006
2035
2425
2007
2036
2426
2008
2037
2427
2009
2038
2428
2039
2429
2011
2040
2430
2012
2041
2431
2013
2042
2432
2014
2043
2433
2015
2044
2434
2016
2045
2435
2017
2046
2436
2018
2047
2437
2019
2048
2438
2020
2049
2439
2021
2050
2440
2022
2051
2441
2023
2052
2442
2024
2053
2443
2025
2054
2444
2026
2055
2445
2027
2056
2446
2028
2057
2447
2029
2058
2448
2030
2059
2449
2031
2060
2450
2032
2061
2451
2033
2062
2452
2034
2063
2453
2035
2064
2454
2036
2065
2455
2037
2066
2456
2038
2067
2457
2039
2068
2458
2069
2459
2041
2070
2460
2042
2071
2461
2043
2072
2462
2044
2073
2463
2045
2074
2464
2046
2075
2465
2047
2076
2466
2048
2077
2467
2049
2078
2468
2050
2079
2469
2051
2080
2470
2052
2081
2471
2053
2082
2472
2054
2083
2473
2055
2084
2474
2056
2085
2475
2057
2086
2476
2058
2087
2477
2059
2088
2478
2060
2089
2479
2061
2090
2480
2062
2091
2481
2063
2092
2482
2064
2093
2483
2065
2094
2484
2066
2095
2485
2067
2096
2486
2068
2097
2487
2069
2098
2488
2099
2489
2071
2100
2490
2072
2101
2491
2073
2102
2492
2074
2103
2493
2075
2104
2494
2076
2105
2495
2077
2106
2496
2078
2107
2497
2079
2108
2498
2080
2109
2499
2081
2110
2500
2082
2111
2501
2083
2112
2502
2084
2113
2503
2085
2114
2504
2086
2115
2505
2087
2116
2506
2088
2117
2507
2089
2118
2508
2090
2119
2509
2091
2120
2510
2092
2121
2511
2093
2122
2512
2094
2123
2513
2095
2124
2514
2096
2125
2515
2097
2126
2516
2098
2127
2517
2099
2128
2518
2129
2519
2101
2130
2520
2102
2131
2521
2103
2132
2522
2104
2133
2523
2105
2134
2524
2106
2135
2525
2107
2136
2526
2108
2137
2527
2109
2138
2528
2110
2139
2529
2111
2140
2530
2112
2141
2531
2113
2142
2532
2114
2143
2533
2115
2144
2534
2116
2145
2535
2117
2146
2536
2118
2147
2537
2119
2148
2538
2120
2149
2539
2121
2150
2540
2122
2151
2541
2123
2152
2542
2124
2153
2543
2125
2154
2544
2126
2155
2545
2127
2156
2546
2128
2157
2547
2129
2158
2548
2159
2549
2131
2550
2132
2551
2133
2552
2134
2553
2135
2554
2136
2555
2137
2556
2138
2557
2139
2558
2140
2559
2141
2560
2142
2561
2143
2562
2144
2563
2145
2564
2146
2565
2147
2566
2148
2567
2149
2568
2150
2569
2151
2570
2152
2571
2153
2572
2154
2573
2155
2574
2156
2575
2157
2576
2158
2577
2159
2578
2579
2161
2190
2580
2162
2191
2581
2163
2192
2582
2164
2193
2583
2165
2194
2584
2166
2195
2585
2167
2196
2586
2168
2197
2587
2169
2198
2588
2170
2199
2589
2171
2200
2590
2172
2201
2591
2173
2202
2592
2174
2203
2593
2175
2204
2594
2176
2205
2595
2177
2206
2596
2178
2207
2597
2179
2208
2598
2180
2209
2599
2181
2210
2600
2182
2211
2601
2183
2212
2602
2184
2213
2603
2185
2214
2604
2186
2215
2605
2187
2216
2606
2188
2217
2607
2189
2218
2608
2219
2609
2191
2220
2610
2192
2221
2611
2193
2222
2612
2194
2223
2613
2195
2224
2614
2196
2225
2615
2197
2226
2616
2198
2227
2617
2199
2228
2618
2200
2229
2619
2201
2230
2620
2202
2231
2621
2203
2232
2622
2204
2233
2623
2205
2234
2624
2206
2235
2625
2207
2236
2626
2208
2237
2627
2209
2238
2628
2210
2239
2629
2211
2240
2630
2212
2241
2631
2213
2242
2632
2214
2243
2633
2215
2244
2634
2216
2245
2635
2217
2246
2636
2218
2247
2637
2219
2248
2638
2249
2639
2221
2250
2640
2222
2251
2641
2223
2252
2642
2224
2253
2643
2225
2254
2644
2226
2255
2645
2227
2256
2646
2228
2257
2647
2229
2258
2648
2230
2259
2649
2231
2260
2650
2232
2261
2651
2233
2262
2652
2234
2263
2653
2235
2264
2654
2236
2265
2655
2237
2266
2656
2238
2267
2657
2239
2268
2658
2240
2269
2659
2241
2270
2660
2242
2271
2661
2243
2272
2662
2244
2273
2663
2245
2274
2664
2246
2275
2665
2247
2276
2666
2248
2277
2667
2249
2278
2668
2279
2669
2251
2280
2670
2252
2281
2671
2253
2282
2672
2254
2283
2673
2255
2284
2674
2256
2285
2675
2257
2286
2676
2258
2287
2677
2259
2288
2678
2260
2289
2679
2261
2290
2680
2262
2291
2681
2263
2292
2682
2264
2293
2683
2265
2294
2684
2266
2295
2685
2267
2296
2686
2268
2297
2687
2269
2298
2688
2270
2299
2689
2271
2300
2690
2272
2301
2691
2273
2302
2692
2274
2303
2693
2275
2304
2694
2276
2305
2695
2277
2306
2696
2278
2307
2697
2279
2308
2698
2309
2699
2281
2310
2700
2282
2311
2701
2283
2312
2702
2284
2313
2703
2285
2314
2704
2286
2315
2705
2287
2316
2706
2288
2317
2707
2289
2318
2708
2290
2319
2709
2291
2320
2710
2292
2321
2711
2293
2322
2712
2294
2323
2713
2295
2324
2714
2296
2325
2715
2297
2326
2716
2298
2327
2717
2299
2328
2718
2300
2329
2719
2301
2330
2720
2302
2331
2721
2303
2332
2722
2304
2333
2723
2305
2334
2724
2306
2335
2725
2307
2336
2726
2308
2337
2727
2309
2338
2728
2339
2729
2311
2340
2730
2312
2341
2731
2313
2342
2732
2314
2343
2733
2315
2344
2734
2316
2345
2735
2317
2346
2736
2318
2347
2737
2319
2348
2738
2320
2349
2739
2321
2350
2740
2322
2351
2741
2323
2352
2742
2324
2353
2743
2325
2354
2744
2326
2355
2745
2327
2356
2746
2328
2357
2747
2329
2358
2748
2330
2359
2749
2331
2360
2750
2332
2361
2751
2333
2362
2752
2334
2363
2753
2335
2364
2754
2336
2365
2755
2337
2366
2756
2338
2367
2757
2339
2368
2758
2369
2759
2341
2370
2760
2342
2371
2761
2343
2372
2762
2344
2373
2763
2345
2374
2764
2346
2375
2765
2347
2376
2766
2348
2377
2767
2349
2378
2768
2350
2379
2769
2351
2380
2770
2352
2381
2771
2353
2382
2772
2354
2383
2773
2355
2384
2774
2356
2385
2775
2357
2386
2776
2358
2387
2777
2359
2388
2778
2360
2389
2779
2361
2390
2780
2362
2391
2781
2363
2392
2782
2364
2393
2783
2365
2394
2784
2366
2395
2785
2367
2396
2786
2368
2397
2787
2369
2398
2788
2399
2789
2371
2400
2790
2372
2401
2791
2373
2402
2792
2374
2403
2793
2375
2404
2794
2376
2405
2795
2377
2406
2796
2378
2407
2797
2379
2408
2798
2380
2409
2799
2381
2410
2800
2382
2411
2801
2383
2412
2802
2384
2413
2803
2385
2414
2804
2386
2415
2805
2387
2416
2806
2388
2417
2807
2389
2418
2808
2390
2419
2809
2391
2420
2810
2392
2421
2811
2393
2422
2812
2394
2423
2813
2395
2424
2814
2396
2425
2815
2397
2426
2816
2398
2427
2817
2399
2428
2818
2429
2819
2401
2430
2820
2402
2431
2821
2403
2432
2822
2404
2433
2823
2405
2434
2824
2406
2435
2825
2407
2436
2826
2408
2437
2827
2409
2438
2828
2410
2439
2829
2411
2440
2830
2412
2441
2831
2413
2442
2832
2414
2443
2833
2415
2444
2834
2416
2445
2835
2417
2446
2836
2418
2447
2837
2419
2448
2838
2420
2449
2839
2421
2450
2840
2422
2451
2841
2423
2452
2842
2424
2453
2843
2425
2454
2844
2426
2455
2845
2427
2456
2846
2428
2457
2847
2429
2458
2848
2459
2849
2431
2460
2850
2432
2461
2851
2433
2462
2852
2434
2463
2853
2435
2464
2854
2436
2465
2855
2437
2466
2856
2438
2467
2857
2439
2468
2858
2440
2469
2859
2441
2470
2860
2442
2471
2861
2443
2472
2862
2444
2473
2863
2445
2474
2864
2446
2475
2865
2447
2476
2866
2448
2477
2867
2449
2478
2868
2450
2479
2869
2451
2480
2870
2452
2481
2871
2453
2482
2872
2454
2483
2873
2455
2484
2874
2456
2485
2875
2457
2486
2876
2458
2487
2877
2459
2488
2878
2489
2879
2461
2490
2880
2462
2491
2881
2463
2492
2882
2464
2493
2883
2465
2494
2884
2466
2495
2885
2467
2496
2886
2468
2497
2887
2469
2498
2888
2470
2499
2889
2471
2500
2890
2472
2501
2891
2473
2502
2892
2474
2503
2893
2475
2504
2894
2476
2505
2895
2477
2506
2896
2478
2507
2897
2479
2508
2898
2480
2509
2899
2481
2510
2900
2482
2511
2901
2483
2512
2902
2484
2513
2903
2485
2514
2904
2486
2515
2905
2487
2516
2906
2488
2517
2907
2489
2518
2908
2519
2909
2491
2520
2910
2492
2521
2911
2493
2522
2912
2494
2523
2913
2495
2524
2914
2496
2525
2915
2497
2526
2916
2498
2527
2917
2499
2528
2918
2500
2529
2919
2501
2530
2920
2502
2531
2921
2503
2532
2922
2504
2533
2923
2505
2534
2924
2506
2535
2925
2507
2536
2926
2508
2537
2927
2509
2538
2928
2510
2539
2929
2511
2540
2930
2512
2541
2931
2513
2542
2932
2514
2543
2933
2515
2544
2934
2516
2545
2935
2517
2546
2936
2518
2547
2937
2519
2548
2938
2549
2939
2521
2550
2940
2522
2551
2941
2523
2552
2942
2524
2553
2943
2525
2554
2944
2526
2555
2945
2527
2556
2946
2528
2557
2947
2529
2558
2948
2530
2559
2949
2531
2560
2950
2532
2561
2951
2533
2562
2952
2534
2563
2953
2535
2564
2954
2536
2565
2955
2537
2566
2956
2538
2567
2957
2539
2568
2958
2540
2569
2959
2541
2570
2960
2542
2571
2961
2543
2572
2962
2544
2573
2963
2545
2574
2964
2546
2575
2965
2547
2576
2966
2548
2577
2967
2549
2578
2968
2579
2969
2551
2970
2552
2971
2553
2972
2554
2973
2555
2974
2556
2975
2557
2976
2558
2977
2559
2978
2560
2979
2561
2980
2562
2981
2563
2982
2564
2983
2565
2984
2566
2985
2567
2986
2568
2987
2569
2988
2570
2989
2571
2990
2572
2991
2573
2992
2574
2993
2575
2994
2576
2995
2577
2996
2578
2997
2579
2998
2999
2581
2610
3000
2582
2611
3001
2583
2612
3002
2584
2613
3003
2585
2614
3004
2586
2615
3005
2587
2616
3006
2588
2617
3007
2589
2618
3008
2590
2619
3009
2591
2620
3010
2592
2621
3011
2593
2622
3012
2594
2623
3013
2595
2624
3014
2596
2625
3015
2597
2626
3016
2598
2627
3017
2599
2628
3018
2600
2629
3019
2601
2630
3020
2602
2631
3021
2603
2632
3022
2604
2633
3023
2605
2634
3024
2606
2635
3025
2607
2636
3026
2608
2637
3027
2609
2638
3028
2639
3029
2611
2640
3030
2612
2641
3031
2613
2642
3032
2614
2643
3033
2615
2644
3034
2616
2645
3035
2617
2646
3036
2618
2647
3037
2619
2648
3038
2620
2649
3039
2621
2650
3040
2622
2651
3041
2623
2652
3042
2624
2653
3043
2625
2654
3044
2626
2655
3045
2627
2656
3046
2628
2657
3047
2629
2658
3048
2630
2659
3049
2631
2660
3050
2632
2661
3051
2633
2662
3052
2634
2663
3053
2635
2664
3054
2636
2665
3055
2637
2666
3056
2638
2667
3057
2639
2668
3058
2669
3059
2641
2670
3060
2642
2671
3061
2643
2672
3062
2644
2673
3063
2645
2674
3064
2646
2675
3065
2647
2676
3066
2648
2677
3067
2649
2678
3068
2650
2679
3069
2651
2680
3070
2652
2681
3071
2653
2682
3072
2654
2683
3073
2655
2684
3074
2656
2685
3075
2657
2686
3076
2658
2687
3077
2659
2688
3078
2660
2689
3079
2661
2690
3080
2662
2691
3081
2663
2692
3082
2664
2693
3083
2665
2694
3084
2666
2695
3085
2667
2696
3086
2668
2697
3087
2669
2698
3088
2699
3089
2671
2700
3090
2672
2701
3091
2673
2702
3092
2674
2703
3093
2675
2704
3094
2676
2705
3095
2677
2706
3096
2678
2707
3097
2679
2708
3098
2680
2709
3099
2681
2710
3100
2682
2711
3101
2683
2712
3102
2684
2713
3103
2685
2714
3104
2686
2715
3105
2687
2716
3106
2688
2717
3107
2689
2718
3108
2690
2719
3109
2691
2720
3110
2692
2721
3111
2693
2722
3112
2694
2723
3113
2695
2724
3114
2696
2725
3115
2697
2726
3116
2698
2727
3117
2699
2728
3118
2729
3119
2701
2730
3120
2702
2731
3121
2703
2732
3122
2704
2733
3123
2705
2734
3124
2706
2735
3125
2707
2736
3126
2708
2737
3127
2709
2738
3128
2710
2739
3129
2711
2740
3130
2712
2741
3131
2713
2742
3132
2714
2743
3133
2715
2744
3134
2716
2745
3135
2717
2746
3136
2718
2747
3137
2719
2748
3138
2720
2749
3139
2721
2750
3140
2722
2751
3141
2723
2752
3142
2724
2753
3143
2725
2754
3144
2726
2755
3145
2727
2756
3146
2728
2757
3147
2729
2758
3148
2759
3149
2731
2760
3150
2732
2761
3151
2733
2762
3152
2734
2763
3153
2735
2764
3154
2736
2765
3155
2737
2766
3156
2738
2767
3157
2739
2768
3158
2740
2769
3159
2741
2770
3160
2742
2771
3161
2743
2772
3162
2744
2773
3163
2745
2774
3164
2746
2775
3165
2747
2776
3166
2748
2777
3167
2749
2778
3168
2750
2779
3169
2751
2780
3170
2752
2781
3171
2753
2782
3172
2754
2783
3173
2755
2784
3174
2756
2785
3175
2757
2786
3176
2758
2787
3177
2759
2788
3178
2789
3179
2761
2790
3180
2762
2791
3181
2763
2792
3182
2764
2793
3183
2765
2794
3184
2766
2795
3185
2767
2796
3186
2768
2797
3187
2769
2798
3188
2770
2799
3189
2771
2800
3190
2772
2801
3191
2773
2802
3192
2774
2803
3193
2775
2804
3194
2776
2805
3195
2777
2806
3196
2778
2807
3197
2779
2808
3198
2780
2809
3199
2781
2810
3200
2782
2811
3201
2783
2812
3202
2784
2813
3203
2785
2814
3204
2786
2815
3205
2787
2816
3206
2788
2817
3207
2789
2818
3208
2819
3209
2791
2820
3210
2792
2821
3211
2793
2822
3212
2794
2823
3213
2795
2824
3214
2796
2825
3215
2797
2826
3216
2798
2827
3217
2799
2828
3218
2800
2829
3219
2801
2830
3220
2802
2831
3221
2803
2832
3222
2804
2833
3223
2805
2834
3224
2806
2835
3225
2807
2836
3226
2808
2837
3227
2809
2838
3228
2810
2839
3229
2811
2840
3230
2812
2841
3231
2813
2842
3232
2814
2843
3233
2815
2844
3234
2816
2845
3235
2817
2846
3236
2818
2847
3237
2819
2848
3238
2849
3239
2821
2850
3240
2822
2851
3241
2823
2852
3242
2824
2853
3243
2825
2854
3244
2826
2855
3245
2827
2856
3246
2828
2857
3247
2829
2858
3248
2830
2859
3249
2831
2860
3250
2832
2861
3251
2833
2862
3252
2834
2863
3253
2835
2864
3254
2836
2865
3255
2837
2866
3256
2838
2867
3257
2839
2868
3258
2840
2869
3259
2841
2870
3260
2842
2871
3261
2843
2872
3262
2844
2873
3263
2845
2874
3264
2846
2875
3265
2847
2876
3266
2848
2877
3267
2849
2878
3268
2879
3269
2851
2880
3270
2852
2881
3271
2853
2882
3272
2854
2883
3273
2855
2884
3274
2856
2885
3275
2857
2886
3276
2858
2887
3277
2859
2888
3278
2860
2889
3279
2861
2890
3280
2862
2891
3281
2863
2892
3282
2864
2893
3283
2865
2894
3284
2866
2895
3285
2867
2896
3286
2868
2897
3287
2869
2898
3288
2870
2899
3289
2871
2900
3290
2872
2901
3291
2873
2902
3292
2874
2903
3293
2875
2904
3294
2876
2905
3295
2877
2906
3296
2878
2907
3297
2879
2908
3298
2909
3299
2881
2910
3300
2882
2911
3301
2883
2912
3302
2884
2913
3303
2885
2914
3304
2886
2915
3305
2887
2916
3306
2888
2917
3307
2889
2918
3308
2890
2919
3309
2891
2920
3310
2892
2921
3311
2893
2922
3312
2894
2923
3313
2895
2924
3314
2896
2925
3315
2897
2926
3316
2898
2927
3317
2899
2928
3318
2900
2929
3319
2901
2930
3320
2902
2931
3321
2903
2932
3322
2904
2933
3323
2905
2934
3324
2906
2935
3325
2907
2936
3326
2908
2937
3327
2909
2938
3328
2939
3329
2911
2940
3330
2912
2941
3331
2913
2942
3332
2914
2943
3333
2915
2944
3334
2916
2945
3335
2917
2946
3336
2918
2947
3337
2919
2948
3338
2920
2949
3339
2921
2950
3340
2922
2951
3341
2923
2952
3342
2924
2953
3343
2925
2954
3344
2926
2955
3345
2927
2956
3346
2928
2957
3347
2929
2958
3348
2930
2959
3349
2931
2960
3350
2932
2961
3351
2933
2962
3352
2934
2963
3353
2935
2964
3354
2936
2965
3355
2937
2966
3356
2938
2967
3357
2939
2968
3358
2969
3359
2941
2970
3360
2942
2971
3361
2943
2972
3362
2944
2973
3363
2945
2974
3364
2946
2975
3365
2947
2976
3366
2948
2977
3367
2949
2978
3368
2950
2979
3369
2951
2980
3370
2952
2981
3371
2953
2982
3372
2954
2983
3373
2955
2984
3374
2956
2985
3375
2957
2986
3376
2958
2987
3377
2959
2988
3378
2960
2989
3379
2961
2990
3380
2962
2991
3381
2963
2992
3382
2964
2993
3383
2965
2994
3384
2966
2995
3385
2967
2996
3386
2968
2997
3387
2969
2998
3388
2999
3389
2971
3390
2972
3391
2973
3392
2974
3393
2975
3394
2976
3395
2977
3396
2978
3397
2979
3398
2980
3399
2981
3400
2982
3401
2983
3402
2984
3403
2985
3404
2986
3405
2987
3406
2988
3407
2989
3408
2990
3409
2991
3410
2992
3411
2993
3412
2994
3413
2995
3414
2996
3415
2997
3416
2998
3417
2999
3418
3419
3001
3030
3420
3002
3031
3421
3003
3032
3422
3004
3033
3423
3005
3034
3424
3006
3035
3425
3007
3036
3426
3008
3037
3427
3009
3038
3428
3010
3039
3429
3011
3040
3430
3012
3041
3431
3013
3042
3432
3014
3043
3433
3015
3044
3434
3016
3045
3435
3017
3046
3436
3018
3047
3437
3019
3048
3438
3020
3049
3439
3021
3050
3440
3022
3051
3441
3023
3052
3442
3024
3053
3443
3025
3054
3444
3026
3055
3445
3027
3056
3446
3028
3057
3447
3029
3058
3448
3059
3449
3031
3060
3450
3032
3061
3451
3033
3062
3452
3034
3063
3453
3035
3064
3454
3036
3065
3455
3037
3066
3456
3038
3067
3457
3039
3068
3458
3040
3069
3459
3041
3070
3460
3042
3071
3461
3043
3072
3462
3044
3073
3463
3045
3074
3464
3046
3075
3465
3047
3076
3466
3048
3077
3467
3049
3078
3468
3050
3079
3469
3051
3080
3470
3052
3081
3471
3053
3082
3472
3054
3083
3473
3055
3084
3474
3056
3085
3475
3057
3086
3476
3058
3087
3477
3059
3088
3478
3089
3479
3061
3090
3480
3062
3091
3481
3063
3092
3482
3064
3093
3483
3065
3094
3484
3066
3095
3485
3067
3096
3486
3068
3097
3487
3069
3098
3488
3070
3099
3489
3071
3100
3490
3072
3101
3491
3073
3102
3492
3074
3103
3493
3075
3104
3494
3076
3105
3495
3077
3106
3496
3078
3107
3497
3079
3108
3498
3080
3109
3499
3081
3110
3500
3082
3111
3501
3083
3112
3502
3084
3113
3503
3085
3114
3504
3086
3115
3505
3087
3116
3506
3088
3117
3507
3089
3118
3508
3119
3509
3091
3120
3510
3092
3121
3511
3093
3122
3512
3094
3123
3513
3095
3124
3514
3096
3125
3515
3097
3126
3516
3098
3127
3517
3099
3128
3518
3100
3129
3519
3101
3130
3520
3102
3131
3521
3103
3132
3522
3104
3133
3523
3105
3134
3524
3106
3135
3525
3107
3136
3526
3108
3137
3527
3109
3138
3528
3110
3139
3529
3111
3140
3530
3112
3141
3531
3113
3142
3532
3114
3143
3533
3115
3144
3534
3116
3145
3535
3117
3146
3536
3118
3147
3537
3119
3148
3538
3149
3539
3121
3150
3540
3122
3151
3541
3123
3152
3542
3124
3153
3543
3125
3154
3544
3126
3155
3545
3127
3156
3546
3128
3157
3547
3129
3158
3548
3130
3159
3549
3131
3160
3550
3132
3161
3551
3133
3162
3552
3134
3163
3553
3135
3164
3554
3136
3165
3555
3137
3166
3556
3138
3167
3557
3139
3168
3558
3140
3169
3559
3141
3170
3560
3142
3171
3561
3143
3172
3562
3144
3173
3563
3145
3174
3564
3146
3175
3565
3147
3176
3566
3148
3177
3567
3149
3178
3568
3179
3569
3151
3180
3570
3152
3181
3571
3153
3182
3572
3154
3183
3573
3155
3184
3574
3156
3185
3575
3157
3186
3576
3158
3187
3577
3159
3188
3578
3160
3189
3579
3161
3190
3580
3162
3191
3581
3163
3192
3582
3164
3193
3583
3165
3194
3584
3166
3195
3585
3167
3196
3586
3168
3197
3587
3169
3198
3588
3170
3199
3589
3171
3200
3590
3172
3201
3591
3173
3202
3592
3174
3203
3593
3175
3204
3594
3176
3205
3595
3177
3206
3596
3178
3207
3597
3179
3208
3598
3209
3599
3181
3210
3600
3182
3211
3601
3183
3212
3602
3184
3213
3603
3185
3214
3604
3186
3215
3605
3187
3216
3606
3188
3217
3607
3189
3218
3608
3190
3219
3609
3191
3220
3610
3192
3221
3611
3193
3222
3612
3194
3223
3613
3195
3224
3614
3196
3225
3615
3197
3226
3616
3198
3227
3617
3199
3228
3618
3200
3229
3619
3201
3230
3620
3202
3231
3621
3203
3232
3622
3204
3233
3623
3205
3234
3624
3206
3235
3625
3207
3236
3626
3208
3237
3627
3209
3238
3628
3239
3629
3211
3240
3630
3212
3241
3631
3213
3242
3632
3214
3243
3633
3215
3244
3634
3216
3245
3635
3217
3246
3636
3218
3247
3637
3219
3248
3638
3220
3249
3639
3221
3250
3640
3222
3251
3641
3223
3252
3642
3224
3253
3643
3225
3254
3644
3226
3255
3645
3227
3256
3646
3228
3257
3647
3229
3258
3648
3230
3259
3649
3231
3260
3650
3232
3261
3651
3233
3262
3652
3234
3263
3653
3235
3264
3654
3236
3265
3655
3237
3266
3656
3238
3267
3657
3239
3268
3658
3269
3659
3241
3270
3660
3242
3271
3661
3243
3272
3662
3244
3273
3663
3245
3274
3664
3246
3275
3665
3247
3276
3666
3248
3277
3667
3249
3278
3668
3250
3279
3669
3251
3280
3670
3252
3281
3671
3253
3282
3672
3254
3283
3673
3255
3284
3674
3256
3285
3675
3257
3286
3676
3258
3287
3677
3259
3288
3678
3260
3289
3679
3261
3290
3680
3262
3291
3681
3263
3292
3682
3264
3293
3683
3265
3294
3684
3266
3295
3685
3267
3296
3686
3268
3297
3687
3269
3298
3688
3299
3689
3271
3300
3690
3272
3301
3691
3273
3302
3692
3274
3303
3693
3275
3304
3694
3276
3305
3695
3277
3306
3696
3278
3307
3697
3279
3308
3698
3280
3309
3699
3281
3310
3700
3282
3311
3701
3283
3312
3702
3284
3313
3703
3285
3314
3704
3286
3315
3705
3287
3316
3706
3288
3317
3707
3289
3318
3708
3290
3319
3709
3291
3320
3710
3292
3321
3711
3293
3322
3712
3294
3323
3713
3295
3324
3714
3296
3325
3715
3297
3326
3716
3298
3327
3717
3299
3328
3718
3329
3719
3301
3330
3720
3302
3331
3721
3303
3332
3722
3304
3333
3723
3305
3334
3724
3306
3335
3725
3307
3336
3726
3308
3337
3727
3309
3338
3728
3310
3339
3729
3311
3340
3730
3312
3341
3731
3313
3342
3732
3314
3343
3733
3315
3344
3734
3316
3345
3735
3317
3346
3736
3318
3347
3737
3319
3348
3738
3320
3349
3739
3321
3350
3740
3322
3351
3741
3323
3352
3742
3324
3353
3743
3325
3354
3744
3326
3355
3745
3327
3356
3746
3328
3357
3747
3329
3358
3748
3359
3749
3331
3360
3750
3332
3361
3751
3333
3362
3752
3334
3363
3753
3335
3364
3754
3336
3365
3755
3337
3366
3756
3338
3367
3757
3339
3368
3758
3340
3369
3759
3341
3370
3760
3342
3371
3761
3343
3372
3762
3344
3373
3763
3345
3374
3764
3346
3375
3765
3347
3376
3766
3348
3377
3767
3349
3378
3768
3350
3379
3769
3351
3380
3770
3352
3381
3771
3353
3382
3772
3354
3383
3773
3355
3384
3774
3356
3385
3775
3357
3386
3776
3358
3387
3777
3359
3388
3778
3389
3779
3361
3390
3780
3362
3391
3781
3363
3392
3782
3364
3393
3783
3365
3394
3784
3366
3395
3785
3367
3396
3786
3368
3397
3787
3369
3398
3788
3370
3399
3789
3371
3400
3790
3372
3401
3791
3373
3402
3792
3374
3403
3793
3375
3404
3794
3376
3405
3795
3377
3406
3796
3378
3407
3797
3379
3408
3798
3380
3409
3799
3381
3410
3800
3382
3411
3801
3383
3412
3802
3384
3413
3803
3385
3414
3804
3386
3415
3805
3387
3416
3806
3388
3417
3807
3389
3418
3808
3419
3809
3391
3810
3392
3811
3393
3812
3394
3813
3395
3814
3396
3815
3397
3816
3398
3817
3399
3818
3400
3819
3401
3820
3402
3821
3403
3822
3404
3823
3405
3824
3406
3825
3407
3826
3408
3827
3409
3828
3410
3829
3411
3830
3412
3831
3413
3832
3414
3833
3415
3834
3416
3835
3417
3836
3418
3837
3419
3838
3839
3421
3450
3840
3422
3451
3841
3423
3452
3842
3424
3453
3843
3425
3454
3844
3426
3455
3845
3427
3456
3846
3428
3457
3847
3429
3458
3848
3430
3459
3849
3431
3460
3850
3432
3461
3851
3433
3462
3852
3434
3463
3853
3435
3464
3854
3436
3465
3855
3437
3466
3856
3438
3467
3857
3439
3468
3858
3440
3469
3859
3441
3470
3860
3442
3471
3861
3443
3472
3862
3444
3473
3863
3445
3474
3864
3446
3475
3865
3447
3476
3866
3448
3477
3867
3449
3478
3868
3479
3869
3451
3480
3870
3452
3481
3871
3453
3482
3872
3454
3483
3873
3455
3484
3874
3456
3485
3875
3457
3486
3876
3458
3487
3877
3459
3488
3878
3460
3489
3879
3461
3490
3880
3462
3491
3881
3463
3492
3882
3464
3493
3883
3465
3494
3884
3466
3495
3885
3467
3496
3886
3468
3497
3887
3469
3498
3888
3470
3499
3889
3471
3500
3890
3472
3501
3891
3473
3502
3892
3474
3503
3893
3475
3504
3894
3476
3505
3895
3477
3506
3896
3478
3507
3897
3479
3508
3898
3509
3899
3481
3510
3900
3482
3511
3901
3483
3512
3902
3484
3513
3903
3485
3514
3904
3486
3515
3905
3487
3516
3906
3488
3517
3907
3489
3518
3908
3490
3519
3909
3491
3520
3910
3492
3521
3911
3493
3522
3912
3494
3523
3913
3495
3524
3914
3496
3525
3915
3497
3526
3916
3498
3527
3917
3499
3528
3918
3500
3529
3919
3501
3530
3920
3502
3531
3921
3503
3532
3922
3504
3533
3923
3505
3534
3924
3506
3535
3925
3507
3536
3926
3508
3537
3927
3509
3538
3928
3539
3929
3511
3540
3930
3512
3541
3931
3513
3542
3932
3514
3543
3933
3515
3544
3934
3516
3545
3935
3517
3546
3936
3518
3547
3937
3519
3548
3938
3520
3549
3939
3521
3550
3940
3522
3551
3941
3523
3552
3942
3524
3553
3943
3525
3554
3944
3526
3555
3945
3527
3556
3946
3528
3557
3947
3529
3558
3948
3530
3559
3949
3531
3560
3950
3532
3561
3951
3533
3562
3952
3534
3563
3953
3535
3564
3954
3536
3565
3955
3537
3566
3956
3538
3567
3957
3539
3568
3958
3569
3959
3541
3570
3960
3542
3571
3961
3543
3572
3962
3544
3573
3963
3545
3574
3964
3546
3575
3965
3547
3576
3966
3548
3577
3967
3549
3578
3968
3550
3579
3969
3551
3580
3970
3552
3581
3971
3553
3582
3972
3554
3583
3973
3555
3584
3974
3556
3585
3975
3557
3586
3976
3558
3587
3977
3559
3588
3978
3560
3589
3979
3561
3590
3980
3562
3591
3981
3563
3592
3982
3564
3593
3983
3565
3594
3984
3566
3595
3985
3567
3596
3986
3568
3597
3987
3569
3598
3988
3599
3989
3571
3600
3990
3572
3601
3991
3573
3602
3992
3574
3603
3993
3575
3604
3994
3576
3605
3995
3577
3606
3996
3578
3607
3997
3579
3608
3998
3580
3609
3999
3581
3610
4000
3582
3611
4001
3583
3612
4002
3584
3613
4003
3585
3614
4004
3586
3615
4005
3587
3616
4006
3588
3617
4007
3589
3618
4008
3590
3619
4009
3591
3620
4010
3592
3621
4011
3593
3622
4012
3594
3623
4013
3595
3624
4014
3596
3625
4015
3597
3626
4016
3598
3627
4017
3599
3628
4018
3629
4019
3601
3630
4020
3602
3631
4021
3603
3632
4022
3604
3633
4023
3605
3634
4024
3606
3635
4025
3607
3636
4026
3608
3637
4027
3609
3638
4028
3610
3639
4029
3611
3640
4030
3612
3641
4031
3613
3642
4032
3614
3643
4033
3615
3644
4034
3616
3645
4035
3617
3646
4036
3618
3647
4037
3619
3648
4038
3620
3649
4039
3621
3650
4040
3622
3651
4041
3623
3652
4042
3624
3653
4043
3625
3654
4044
3626
3655
4045
3627
3656
4046
3628
3657
4047
3629
3658
4048
3659
4049
3631
3660
4050
3632
3661
4051
3633
3662
4052
3634
3663
4053
3635
3664
4054
3636
3665
4055
3637
3666
4056
3638
3667
4057
3639
3668
4058
3640
3669
4059
3641
3670
4060
3642
3671
4061
3643
3672
4062
3644
3673
4063
3645
3674
4064
3646
3675
4065
3647
3676
4066
3648
3677
4067
3649
3678
4068
3650
3679
4069
3651
3680
4070
3652
3681
4071
3653
3682
4072
3654
3683
4073
3655
3684
4074
3656
3685
4075
3657
3686
4076
3658
3687
4077
3659
3688
4078
3689
4079
3661
3690
4080
3662
3691
4081
3663
3692
4082
3664
3693
4083
3665
3694
4084
3666
3695
4085
3667
3696
4086
3668
3697
4087
3669
3698
4088
3670
3699
4089
3671
3700
4090
3672
3701
4091
3673
3702
4092
3674
3703
4093
3675
3704
4094
3676
3705
4095
3677
3706
4096
3678
3707
4097
3679
3708
4098
3680
3709
4099
3681
3710
4100
3682
3711
4101
3683
3712
4102
3684
3713
4103
3685
3714
4104
3686
3715
4105
3687
3716
4106
3688
3717
4107
3689
3718
4108
3719
4109
3691
3720
4110
3692
3721
4111
3693
3722
4112
3694
3723
4113
3695
3724
4114
3696
3725
4115
3697
3726
4116
3698
3727
4117
3699
3728
4118
3700
3729
4119
3701
3730
4120
3702
3731
4121
3703
3732
4122
3704
3733
4123
3705
3734
4124
3706
3735
4125
3707
3736
4126
3708
3737
4127
3709
3738
4128
3710
3739
4129
3711
3740
4130
3712
3741
4131
3713
3742
4132
3714
3743
4133
3715
3744
4134
3716
3745
4135
3717
3746
4136
3718
3747
4137
3719
3748
4138
3749
4139
3721
3750
4140
3722
3751
4141
3723
3752
4142
3724
3753
4143
3725
3754
4144
3726
3755
4145
3727
3756
4146
3728
3757
4147
3729
3758
4148
3730
3759
4149
3731
3760
4150
3732
3761
4151
3733
3762
4152
3734
3763
4153
3735
3764
4154
3736
3765
4155
3737
3766
4156
3738
3767
4157
3739
3768
4158
3740
3769
4159
3741
3770
4160
3742
3771
4161
3743
3772
4162
3744
3773
4163
3745
3774
4164
3746
3775
4165
3747
3776
4166
3748
3777
4167
3749
3778
4168
3779
4169
3751
3780
4170
3752
3781
4171
3753
3782
4172
3754
3783
4173
3755
3784
4174
3756
3785
4175
3757
3786
4176
3758
3787
4177
3759
3788
4178
3760
3789
4179
3761
3790
4180
3762
3791
4181
3763
3792
4182
3764
3793
4183
3765
3794
4184
3766
3795
4185
3767
3796
4186
3768
3797
4187
3769
3798
4188
3770
3799
4189
3771
3800
4190
3772
3801
4191
3773
3802
4192
3774
3803
4193
3775
3804
4194
3776
3805
4195
3777
3806
4196
3778
3807
4197
3779
3808
4198
3809
4199
3781
3810
4200
3782
3811
4201
3783
3812
4202
3784
3813
4203
3785
3814
4204
3786
3815
4205
3787
3816
4206
3788
3817
4207
3789
3818
4208
3790
3819
4209
3791
3820
4210
3792
3821
4211
3793
3822
4212
3794
3823
4213
3795
3824
4214
3796
3825
4215
3797
3826
4216
3798
3827
4217
3799
3828
4218
3800
3829
4219
3801
3830
4220
3802
3831
4221
3803
3832
4222
3804
3833
4223
3805
3834
4224
3806
3835
4225
3807
3836
4226
3808
3837
4227
3809
3838
4228
3839
4229
3811
4230
3812
4231
3813
4232
3814
4233
3815
4234
3816
4235
3817
4236
3818
4237
3819
4238
3820
4239
3821
4240
3822
4241
3823
4242
3824
4243
3825
4244
3826
4245
3827
4246
3828
4247
3829
4248
3830
4249
3831
4250
3832
4251
3833
4252
3834
4253
3835
4254
3836
4255
3837
4256
3838
4257
3839
4258
4259
3841
3870
4260
3842
3871
4261
3843
3872
4262
3844
3873
4263
3845
3874
4264
3846
3875
4265
3847
3876
4266
3848
3877
4267
3849
3878
4268
3850
3879
4269
3851
3880
4270
3852
3881
4271
3853
3882
4272
3854
3883
4273
3855
3884
4274
3856
3885
4275
3857
3886
4276
3858
3887
4277
3859
3888
4278
3860
3889
4279
3861
3890
4280
3862
3891
4281
3863
3892
4282
3864
3893
4283
3865
3894
4284
3866
3895
4285
3867
3896
4286
3868
3897
4287
3869
3898
4288
3899
4289
3871
3900
4290
3872
3901
4291
3873
3902
4292
3874
3903
4293
3875
3904
4294
3876
3905
4295
3877
3906
4296
3878
3907
4297
3879
3908
4298
3880
3909
4299
3881
3910
4300
3882
3911
4301
3883
3912
4302
3884
3913
4303
3885
3914
4304
3886
3915
4305
3887
3916
4306
3888
3917
4307
3889
3918
4308
3890
3919
4309
3891
3920
4310
3892
3921
4311
3893
3922
4312
3894
3923
4313
3895
3924
4314
3896
3925
4315
3897
3926
4316
3898
3927
4317
3899
3928
4318
3929
4319
3901
3930
4320
3902
3931
4321
3903
3932
4322
3904
3933
4323
3905
3934
4324
3906
3935
4325
3907
3936
4326
3908
3937
4327
3909
3938
4328
3910
3939
4329
3911
3940
4330
3912
3941
4331
3913
3942
4332
3914
3943
4333
3915
3944
4334
3916
3945
4335
3917
3946
4336
3918
3947
4337
3919
3948
4338
3920
3949
4339
3921
3950
4340
3922
3951
4341
3923
3952
4342
3924
3953
4343
3925
3954
4344
3926
3955
4345
3927
3956
4346
3928
3957
4347
3929
3958
4348
3959
4349
3931
3960
4350
3932
3961
4351
3933
3962
4352
3934
3963
4353
3935
3964
4354
3936
3965
4355
3937
3966
4356
3938
3967
4357
3939
3968
4358
3940
3969
4359
3941
3970
4360
3942
3971
4361
3943
3972
4362
3944
3973
4363
3945
3974
4364
3946
3975
4365
3947
3976
4366
3948
3977
4367
3949
3978
4368
3950
3979
4369
3951
3980
4370
3952
3981
4371
3953
3982
4372
3954
3983
4373
3955
3984
4374
3956
3985
4375
3957
3986
4376
3958
3987
4377
3959
3988
4378
3989
4379
3961
3990
4380
3962
3991
4381
3963
3992
4382
3964
3993
4383
3965
3994
4384
3966
3995
4385
3967
3996
4386
3968
3997
4387
3969
3998
4388
3970
3999
4389
3971
4000
4390
3972
4001
4391
3973
4002
4392
3974
4003
4393
3975
4004
4394
3976
4005
4395
3977
4006
4396
3978
4007
4397
3979
4008
4398
3980
4009
4399
3981
4010
4400
3982
4011
4401
3983
4012
4402
3984
4013
4403
3985
4014
4404
3986
4015
4405
3987
4016
4406
3988
4017
4407
3989
4018
4408
4019
4409
3991
4020
4410
3992
4021
4411
3993
4022
4412
3994
4023
4413
3995
4024
4414
3996
4025
4415
3997
4026
4416
3998
4027
4417
3999
4028
4418
4000
4029
4419
4001
4030
4420
4002
4031
4421
4003
4032
4422
4004
4033
4423
4005
4034
4424
4006
4035
4425
4007
4036
4426
4008
4037
4427
4009
4038
4428
4010
4039
4429
4011
4040
4430
4012
4041
4431
4013
4042
4432
4014
4043
4433
4015
4044
4434
4016
4045
4435
4017
4046
4436
4018
4047
4437
4019
4048
4438
4049
4439
4021
4050
4440
4022
4051
4441
4023
4052
4442
4024
4053
4443
4025
4054
4444
4026
4055
4445
4027
4056
4446
4028
4057
4447
4029
4058
4448
4030
4059
4449
4031
4060
4450
4032
4061
4451
4033
4062
4452
4034
4063
4453
4035
4064
4454
4036
4065
4455
4037
4066
4456
4038
4067
4457
4039
4068
4458
4040
4069
4459
4041
4070
4460
4042
4071
4461
4043
4072
4462
4044
4073
4463
4045
4074
4464
4046
4075
4465
4047
4076
4466
4048
4077
4467
4049
4078
4468
4079
4469
4051
4080
4470
4052
4081
4471
4053
4082
4472
4054
4083
4473
4055
4084
4474
4056
4085
4475
4057
4086
4476
4058
4087
4477
4059
4088
4478
4060
4089
4479
4061
4090
4480
4062
4091
4481
4063
4092
4482
4064
4093
4483
4065
4094
4484
4066
4095
4485
4067
4096
4486
4068
4097
4487
4069
4098
4488
4070
4099
4489
4071
4100
4490
4072
4101
4491
4073
4102
4492
4074
4103
4493
4075
4104
4494
4076
4105
4495
4077
4106
4496
4078
4107
4497
4079
4108
4498
4109
4499
4081
4110
4500
4082
4111
4501
4083
4112
4502
4084
4113
4503
4085
4114
4504
4086
4115
4505
4087
4116
4506
4088
4117
4507
4089
4118
4508
4090
4119
4509
4091
4120
4510
4092
4121
4511
4093
4122
4512
4094
4123
4513
4095
4124
4514
4096
4125
4515
4097
4126
4516
4098
4127
4517
4099
4128
4518
4100
4129
4519
4101
4130
4520
4102
4131
4521
4103
4132
4522
4104
4133
4523
4105
4134
4524
4106
4135
4525
4107
4136
4526
4108
4137
4527
4109
4138
4528
4139
4529
4111
4140
4530
4112
4141
4531
4113
4142
4532
4114
4143
4533
4115
4144
4534
4116
4145
4535
4117
4146
4536
4118
4147
4537
4119
4148
4538
4120
4149
4539
4121
4150
4540
4122
4151
4541
4123
4152
4542
4124
4153
4543
4125
4154
4544
4126
4155
4545
4127
4156
4546
4128
4157
4547
4129
4158
4548
4130
4159
4549
4131
4160
4550
4132
4161
4551
4133
4162
4552
4134
4163
4553
4135
4164
4554
4136
4165
4555
4137
4166
4556
4138
4167
4557
4139
4168
4558
4169
4559
4141
4170
4560
4142
4171
4561
4143
4172
4562
4144
4173
4563
4145
4174
4564
4146
4175
4565
4147
4176
4566
4148
4177
4567
4149
4178
4568
4150
4179
4569
4151
4180
4570
4152
4181
4571
4153
4182
4572
4154
4183
4573
4155
4184
4574
4156
4185
4575
4157
4186
4576
4158
4187
4577
4159
4188
4578
4160
4189
4579
4161
4190
4580
4162
4191
4581
4163
4192
4582
4164
4193
4583
4165
4194
4584
4166
4195
4585
4167
4196
4586
4168
4197
4587
4169
4198
4588
4199
4589
4171
4200
4590
4172
4201
4591
4173
4202
4592
4174
4203
4593
4175
4204
4594
4176
4205
4595
4177
4206
4596
4178
4207
4597
4179
4208
4598
4180
4209
4599
4181
4210
4600
4182
4211
4601
4183
4212
4602
4184
4213
4603
4185
4214
4604
4186
4215
4605
4187
4216
4606
4188
4217
4607
4189
4218
4608
4190
4219
4609
4191
4220
4610
4192
4221
4611
4193
4222
4612
4194
4223
4613
4195
4224
4614
4196
4225
4615
4197
4226
4616
4198
4227
4617
4199
4228
4618
4229
4619
4201
4230
4620
4202
4231
4621
4203
4232
4622
4204
4233
4623
4205
4234
4624
4206
4235
4625
4207
4236
4626
4208
4237
4627
4209
4238
4628
4210
4239
4629
4211
4240
4630
4212
4241
4631
4213
4242
4632
4214
4243
4633
4215
4244
4634
4216
4245
4635
4217
4246
4636
4218
4247
4637
4219
4248
4638
4220
4249
4639
4221
4250
4640
4222
4251
4641
4223
4252
4642
4224
4253
4643
4225
4254
4644
4226
4255
4645
4227
4256
4646
4228
4257
4647
4229
4258
4648
4259
4649
4231
4650
4232
4651
4233
4652
4234
4653
4235
4654
4236
4655
4237
4656
4238
4657
4239
4658
4240
4659
4241
4660
4242
4661
4243
4662
4244
4663
4245
4664
4246
4665
4247
4666
4248
4667
4249
4668
4250
4669
4251
4670
4252
4671
4253
4672
4254
4673
4255
4674
4256
4675
4257
4676
4258
4677
4259
4678
4679
4261
4290
4680
4262
4291
4681
4263
4292
4682
4264
4293
4683
4265
4294
4684
4266
4295
4685
4267
4296
4686
4268
4297
4687
4269
4298
4688
4270
4299
4689
4271
4300
4690
4272
4301
4691
4273
4302
4692
4274
4303
4693
4275
4304
4694
4276
4305
4695
4277
4306
4696
4278
4307
4697
4279
4308
4698
4280
4309
4699
4281
4310
4700
4282
4311
4701
4283
4312
4702
4284
4313
4703
4285
4314
4704
4286
4315
4705
4287
4316
4706
4288
4317
4707
4289
4318
4708
4319
4709
4291
4320
4710
4292
4321
4711
4293
4322
4712
4294
4323
4713
4295
4324
4714
4296
4325
4715
4297
4326
4716
4298
4327
4717
4299
4328
4718
4300
4329
4719
4301
4330
4720
4302
4331
4721
4303
4332
4722
4304
4333
4723
4305
4334
4724
4306
4335
4725
4307
4336
4726
4308
4337
4727
4309
4338
4728
4310
4339
4729
4311
4340
4730
4312
4341
4731
4313
4342
4732
4314
4343
4733
4315
4344
4734
4316
4345
4735
4317
4346
4736
4318
4347
4737
4319
4348
4738
4349
4739
4321
4350
4740
4322
4351
4741
4323
4352
4742
4324
4353
4743
4325
4354
4744
4326
4355
4745
4327
4356
4746
4328
4357
4747
4329
4358
4748
4330
4359
4749
4331
4360
4750
4332
4361
4751
4333
4362
4752
4334
4363
4753
4335
4364
4754
4336
4365
4755
4337
4366
4756
4338
4367
4757
4339
4368
4758
4340
4369
4759
4341
4370
4760
4342
4371
4761
4343
4372
4762
4344
4373
4763
4345
4374
4764
4346
4375
4765
4347
4376
4766
4348
4377
4767
4349
4378
4768
4379
4769
4351
4380
4770
4352
4381
4771
4353
4382
4772
4354
4383
4773
4355
4384
4774
4356
4385
4775
4357
4386
4776
4358
4387
4777
4359
4388
4778
4360
4389
4779
4361
4390
4780
4362
4391
4781
4363
4392
4782
4364
4393
4783
4365
4394
4784
4366
4395
4785
4367
4396
4786
4368
4397
4787
4369
4398
4788
4370
4399
4789
4371
4400
4790
4372
4401
4791
4373
4402
4792
4374
4403
4793
4375
4404
4794
4376
4405
4795
4377
4406
4796
4378
4407
4797
4379
4408
4798
4409
4799
4381
4410
4800
4382
4411
4801
4383
4412
4802
4384
4413
4803
4385
4414
4804
4386
4415
4805
4387
4416
4806
4388
4417
4807
4389
4418
4808
4390
4419
4809
4391
4420
4810
4392
4421
4811
4393
4422
4812
4394
4423
4813
4395
4424
4814
4396
4425
4815
4397
4426
4816
4398
4427
4817
4399
4428
4818
4400
4429
4819
4401
4430
4820
4402
4431
4821
4403
4432
4822
4404
4433
4823
4405
4434
4824
4406
4435
4825
4407
4436
4826
4408
4437
4827
4409
4438
4828
4439
4829
4411
4440
4830
4412
4441
4831
4413
4442
4832
4414
4443
4833
4415
4444
4834
4416
4445
4835
4417
4446
4836
4418
4447
4837
4419
4448
4838
4420
4449
4839
4421
4450
4840
4422
4451
4841
4423
4452
4842
4424
4453
4843
4425
4454
4844
4426
4455
4845
4427
4456
4846
4428
4457
4847
4429
4458
4848
4430
4459
4849
4431
4460
4850
4432
4461
4851
4433
4462
4852
4434
4463
4853
4435
4464
4854
4436
4465
4855
4437
4466
4856
4438
4467
4857
4439
4468
4858
4469
4859
4441
4470
4860
4442
4471
4861
4443
4472
4862
4444
4473
4863
4445
4474
4864
4446
4475
4865
4447
4476
4866
4448
4477
4867
4449
4478
4868
4450
4479
4869
4451
4480
4870
4452
4481
4871
4453
4482
4872
4454
4483
4873
4455
4484
4874
4456
4485
4875
4457
4486
4876
4458
4487
4877
4459
4488
4878
4460
4489
4879
4461
4490
4880
4462
4491
4881
4463
4492
4882
4464
4493
4883
4465
4494
4884
4466
4495
4885
4467
4496
4886
4468
4497
4887
4469
4498
4888
4499
4889
4471
4500
4890
4472
4501
4891
4473
4502
4892
4474
4503
4893
4475
4504
4894
4476
4505
4895
4477
4506
4896
4478
4507
4897
4479
4508
4898
4480
4509
4899
4481
4510
4900
4482
4511
4901
4483
4512
4902
4484
4513
4903
4485
4514
4904
4486
4515
4905
4487
4516
4906
4488
4517
4907
4489
4518
4908
4490
4519
4909
4491
4520
4910
4492
4521
4911
4493
4522
4912
4494
4523
4913
4495
4524
4914
4496
4525
4915
4497
4526
4916
4498
4527
4917
4499
4528
4918
4529
4919
4501
4530
4920
4502
4531
4921
4503
4532
4922
4504
4533
4923
4505
4534
4924
4506
4535
4925
4507
4536
4926
4508
4537
4927
4509
4538
4928
4510
4539
4929
4511
4540
4930
4512
4541
4931
4513
4542
4932
4514
4543
4933
4515
4544
4934
4516
4545
4935
4517
4546
4936
4518
4547
4937
4519
4548
4938
4520
4549
4939
4521
4550
4940
4522
4551
4941
4523
4552
4942
4524
4553
4943
4525
4554
4944
4526
4555
4945
4527
4556
4946
4528
4557
4947
4529
4558
4948
4559
4949
4531
4560
4950
4532
4561
4951
4533
4562
4952
4534
4563
4953
4535
4564
4954
4536
4565
4955
4537
4566
4956
4538
4567
4957
4539
4568
4958
4540
4569
4959
4541
4570
4960
4542
4571
4961
4543
4572
4962
4544
4573
4963
4545
4574
4964
4546
4575
4965
4547
4576
4966
4548
4577
4967
4549
4578
4968
4550
4579
4969
4551
4580
4970
4552
4581
4971
4553
4582
4972
4554
4583
4973
4555
4584
4974
4556
4585
4975
4557
4586
4976
4558
4587
4977
4559
4588
4978
4589
4979
4561
4590
4980
4562
4591
4981
4563
4592
4982
4564
4593
4983
4565
4594
4984
4566
4595
4985
4567
4596
4986
4568
4597
4987
4569
4598
4988
4570
4599
4989
4571
4600
4990
4572
4601
4991
4573
4602
4992
4574
4603
4993
4575
4604
4994
4576
4605
4995
4577
4606
4996
4578
4607
4997
4579
4608
4998
4580
4609
4999
4581
4610
5000
4582
4611
5001
4583
4612
5002
4584
4613
5003
4585
4614
5004
4586
4615
5005
4587
4616
5006
4588
4617
5007
4589
4618
5008
4619
5009
4591
4620
5010
4592
4621
5011
4593
4622
5012
4594
4623
5013
4595
4624
5014
4596
4625
5015
4597
4626
5016
4598
4627
5017
4599
4628
5018
4600
4629
5019
4601
4630
5020
4602
4631
5021
4603
4632
5022
4604
4633
5023
4605
4634
5024
4606
4635
5025
4607
4636
5026
4608
4637
5027
4609
4638
5028
4610
4639
5029
4611
4640
5030
4612
4641
5031
4613
4642
5032
4614
4643
5033
4615
4644
5034
4616
4645
5035
4617
4646
5036
4618
4647
5037
4619
4648
5038
4649
5039
4621
4650
5040
4622
4651
5041
4623
4652
5042
4624
4653
5043
4625
4654
5044
4626
4655
5045
4627
4656
5046
4628
4657
5047
4629
4658
5048
4630
4659
5049
4631
4660
5050
4632
4661
5051
4633
4662
5052
4634
4663
5053
4635
4664
5054
4636
4665
5055
4637
4666
5056
4638
4667
5057
4639
4668
5058
4640
4669
5059
4641
4670
5060
4642
4671
5061
4643
4672
5062
4644
4673
5063
4645
4674
5064
4646
4675
5065
4647
4676
5066
4648
4677
5067
4649
4678
5068
4679
5069
4651
5070
4652
5071
4653
5072
4654
5073
4655
5074
4656
5075
4657
5076
4658
5077
4659
5078
4660
5079
4661
5080
4662
5081
4663
5082
4664
5083
4665
5084
4666
5085
4667
5086
4668
5087
4669
5088
4670
5089
4671
5090
4672
5091
4673
5092
4674
5093
4675
5094
4676
5095
4677
5096
4678
5097
4679
5098
5099
4681
4710
4682
4711
4683
4712
4684
4713
4685
4714
4686
4715
4687
4716
4688
4717
4689
4718
4690
4719
4691
4720
4692
4721
4693
4722
4694
4723
4695
4724
4696
4725
4697
4726
4698
4727
4699
4728
4700
4729
4701
4730
4702
4731
4703
4732
4704
4733
4705
4734
4706
4735
4707
4736
4708
4737
4709
4738
4739
4711
4740
4712
4741
4713
4742
4714
4743
4715
4744
4716
4745
4717
4746
4718
4747
4719
4748
4720
4749
4721
4750
4722
4751
4723
4752
4724
4753
4725
4754
4726
4755
4727
4756
4728
4757
4729
4758
4730
4759
4731
4760
4732
4761
4733
4762
4734
4763
4735
4764
4736
4765
4737
4766
4738
4767
4739
4768
4769
4741
4770
4742
4771
4743
4772
4744
4773
4745
4774
4746
4775
4747
4776
4748
4777
4749
4778
4750
4779
4751
4780
4752
4781
4753
4782
4754
4783
4755
4784
4756
4785
4757
4786
4758
4787
4759
4788
4760
4789
4761
4790
4762
4791
4763
4792
4764
4793
4765
4794
4766
4795
4767
4796
4768
4797
4769
4798
4799
4771
4800
4772
4801
4773
4802
4774
4803
4775
4804
4776
4805
4777
4806
4778
4807
4779
4808
4780
4809
4781
4810
4782
4811
4783
4812
4784
4813
4785
4814
4786
4815
4787
4816
4788
4817
4789
4818
4790
4819
4791
4820
4792
4821
4793
4822
4794
4823
4795
4824
4796
4825
4797
4826
4798
4827
4799
4828
4829
4801
4830
4802
4831
4803
4832
4804
4833
4805
4834
4806
4835
4807
4836
4808
4837
4809
4838
4810
4839
4811
4840
4812
4841
4813
4842
4814
4843
4815
4844
4816
4845
4817
4846
4818
4847
4819
4848
4820
4849
4821
4850
4822
4851
4823
4852
4824
4853
4825
4854
4826
4855
4827
4856
4828
4857
4829
4858
4859
4831
4860
4832
4861
4833
4862
4834
4863
4835
4864
4836
4865
4837
4866
4838
4867
4839
4868
4840
4869
4841
4870
4842
4871
4843
4872
4844
4873
4845
4874
4846
4875
4847
4876
4848
4877
4849
4878
4850
4879
4851
4880
4852
4881
4853
4882
4854
4883
4855
4884
4856
4885
4857
4886
4858
4887
4859
4888
4889
4861
4890
4862
4891
4863
4892
4864
4893
4865
4894
4866
4895
4867
4896
4868
4897
4869
4898
4870
4899
4871
4900
4872
4901
4873
4902
4874
4903
4875
4904
4876
4905
4877
4906
4878
4907
4879
4908
4880
4909
4881
4910
4882
4911
4883
4912
4884
4913
4885
4914
4886
4915
4887
4916
4888
4917
4889
4918
4919
4891
4920
4892
4921
4893
4922
4894
4923
4895
4924
4896
4925
4897
4926
4898
4927
4899
4928
4900
4929
4901
4930
4902
4931
4903
4932
4904
4933
4905
4934
4906
4935
4907
4936
4908
4937
4909
4938
4910
4939
4911
4940
4912
4941
4913
4942
4914
4943
4915
4944
4916
4945
4917
4946
4918
4947
4919
4948
4949
4921
4950
4922
4951
4923
4952
4924
4953
4925
4954
4926
4955
4927
4956
4928
4957
4929
4958
4930
4959
4931
4960
4932
4961
4933
4962
4934
4963
4935
4964
4936
4965
4937
4966
4938
4967
4939
4968
4940
4969
4941
4970
4942
4971
4943
4972
4944
4973
4945
4974
4946
4975
4947
4976
4948
4977
4949
4978
4979
4951
4980
4952
4981
4953
4982
4954
4983
4955
4984
4956
4985
4957
4986
4958
4987
4959
4988
4960
4989
4961
4990
4962
4991
4963
4992
4964
4993
4965
4994
4966
4995
4967
4996
4968
4997
4969
4998
4970
4999
4971
5000
4972
5001
4973
5002
4974
5003
4975
5004
4976
5005
4977
5006
4978
5007
4979
5008
5009
4981
5010
4982
5011
4983
5012
4984
5013
4985
5014
4986
5015
4987
5016
4988
5017
4989
5018
4990
5019
4991
5020
4992
5021
4993
5022
4994
5023
4995
5024
4996
5025
4997
5026
4998
5027
4999
5028
5000
5029
5001
5030
5002
5031
5003
5032
5004
5033
5005
5034
5006
5035
5007
5036
5008
5037
5009
5038
5039
5011
5040
5012
5041
5013
5042
5014
5043
5015
5044
5016
5045
5017
5046
5018
5047
5019
5048
5020
5049
5021
5050
5022
5051
5023
5052
5024
5053
5025
5054
5026
5055
5027
5056
5028
5057
5029
5058
5030
5059
5031
5060
5032
5061
5033
5062
5034
5063
5035
5064
5036
5065
5037
5066
5038
5067
5039
5068
5069
5041
5070
5042
5071
5043
5072
5044
5073
5045
5074
5046
5075
5047
5076
5048
5077
5049
5078
5050
5079
5051
5080
5052
5081
5053
5082
5054
5083
5055
5084
5056
5085
5057
5086
5058
5087
5059
5088
5060
5089
5061
5090
5062
5091
5063
5092
5064
5093
5065
5094
5066
5095
5067
5096
5068
5097
5069
5098
5099
5071
5072
5073
5074
5075
5076
5077
5078
5079
5080
5081
5082
5083
5084
5085
5086
5087
5088
5089
5090
5091
5092
5093
5094
5095
5096
5097
5098
5099
)


// ************************************************************************* //
